[  27407932196.522400  56000957329.509453  43315113552.123009  31363181875.562916  35320439469.793465  33339984816.819599  38532659089.112022  51587016011.060066  ]
[  29091932269.696270  58399301271.893356  48571481183.985809  30733785755.100708  32292878378.990784  24570840760.727077  47566478485.322403  43456906090.459366  ]
[  21873822873.254162  48464829020.830971  34648861261.989082  27087287224.218872  29970769428.255947  27538484864.194607  28557595791.672897  30799574695.382763  ]
[  19976244335.923149  45318566723.604851  39985263382.927994  29199900015.311691  27183141897.137138  22555726259.533382  33425413778.800541  33951313738.814770  ]
[  38250909876.168091  74115588855.218887  57338017968.835556  33700761259.560871  41192542184.334549  31156368515.899223  56034284638.590179  54255392835.468193  ]
[  18230036479.747868  37309565069.094223  24108261908.237766  20995078289.712181  26614257279.168106  20438647729.062645  20942159221.202103  23459898406.843105  ]
[  38660352748.554977  71029871949.061874  60201610907.504761  41159727080.163139  36979712613.255623  34032606803.761257  53439197863.302177  52504505335.557762  ]
[  32488491621.701015  68304075388.991417  50249157301.714371  34000764087.071590  47490146886.712723  33195174718.774437  51265468830.670609  58098839603.184128  ]


